%YAML:1.0
---
FrameWidth: 640
FrameHeight: 480
CameraMatrix: !!opencv-matrix
   rows: 3
   cols: 3
   dt: d
   data: [ 5.3325232071109872e+02, 0., 3.2726605728230385e+02, 0.,
       5.2833023676735650e+02, 2.2828802191779317e+02, 0., 0., 1. ]
DistortionCoefficients: !!opencv-matrix
   rows: 1
   cols: 5
   dt: d
   data: [ -1.1099991241652431e-01, 1.2679956928701078e-01,
       4.8293118901961558e-04, 2.8591967526988712e-03,
       -3.8980816195860878e-02 ]
CalibrationRMSerror: 2.7931717038154602e-01
CalibrationReprojectionError: 2.7931720018386841e-01
CalibrationColinearityErrorOld: 5.2675180435180664e+00
CalibrationColinearityErrorNew: 5.2680196762084961e+00
