%YAML:1.0
---
FrameWidth: 640
FrameHeight: 480
FramesInCalibration: 30
CameraMatrix: !!opencv-matrix
   rows: 3
   cols: 3
   dt: d
   data: [ 9.1959581280518603e+02, 0., 3.3553748624170532e+02, 0.,
       9.1843946070342702e+02, 2.7377198141272459e+02, 0., 0., 1. ]
DistortionCoefficients: !!opencv-matrix
   rows: 1
   cols: 5
   dt: d
   data: [ -2.8980525136926444e-01, -5.1540088112411453e-01,
       -9.0026394217804500e-04, 3.6091315391797623e-03,
       2.4667592343464833e+00 ]
CalibrationRMSerror: 3.3905526995658875e-01
CalibrationReprojectionError: 3.3905482292175293e-01
CalibrationColinearityErrorOld: 1.1258764266967773e+01
CalibrationColinearityErrorNew: 1.1259752273559570e+01
