%YAML:1.0

# Camera Parameters. Adjust them!

# Camera calibration parameters (OpenCV) ------------
# Camera.fx: 5.3325232071109872e+02
# Camera.fy: 5.2833023676735650e+02
# Camera.cx: 3.2726605728230385e+02
# Camera.cy: 2.2828802191779317e+02

# Camera.fx: 609.2855
# Camera.fy: 609.3422 
# Camera.cx: 351.4274
# Camera.cy: 237.7324

# Camera.fx: 9.1959581280518603e+02
# Camera.fy: 9.1843946070342702e+02
# Camera.cx: 3.3553748624170532e+02
# Camera.cy: 2.7377198141272459e+02

# Camera.fx: 9.037596e+02
# Camera.fy: 9.019653e+02
# Camera.cx: 6.957519e+02
# Camera.cy: 2.242509e+02

# #for TUM dataset
# Camera.fx: 537.960322
# Camera.fy: 539.597659
# Camera.cx: 319.183641
# Camera.cy: 247.053820

# Camera.fx: 8.5389350889019613e+02
# Camera.fy: 8.5026453131619223e+02
# Camera.cx: 3.2938714087868817e+02
# Camera.cy: 2.5664331563518800e+02

# #for kitti dataset
# Camera.fx: 7.188560000000e+02
# Camera.fy: 7.188560000000e+02
# Camera.cx: 6.071928000000e+02
# Camera.cy: 1.852157000000e+02

# # ps3 new camera
# Camera.fx: 4.9919981933877307e+02
# Camera.fy: 4.9633763759988875e+02
# Camera.cx: 3.2254550900312012e+02
# Camera.cy: 2.3880511516801573e+02

# # lifeCam new camera
# Camera.fx: 627.0314
# Camera.fy: 631.8021
# Camera.cx: 342.7495
# Camera.cy: 231.2469

# TUM fr2 dataset
Camera.fx: 520.908620
Camera.fy: 521.007327
Camera.cx: 325.141442
Camera.cy: 249.701764

# Camera distortion paremeters (OpenCV) -------------
# Camera.k1: -1.1099991241652431e-01
# Camera.k2: 1.2679956928701078e-01
# Camera.p1: 4.8293118901961558e-04
# Camera.p2: 2.8591967526988712e-03
# Camera.k3: -3.8980816195860878e-02

# Camera.k1: -0.3492
# Camera.k2: 0.1363
# Camera.p1: 0.0
# Camera.p2: 0.0
# Camera.k3: 0.0

# Camera.k1: -2.8980525136926444e-01
# Camera.k2: -5.1540088112411453e-01
# Camera.p1: -9.0026394217804500e-04
# Camera.p2: 3.6091315391797623e-03
# Camera.k3: 2.4667592343464833e+00

# Camera.k1: -3.639558e-01
# Camera.k2: 1.788651e-01
# Camera.p1: 6.029694e-04
# Camera.p2: -3.922424e-04
# Camera.k3: -5.382460e-02

# #for TUM dataset
# Camera.k1: 0.026370
# Camera.k2: -0.100086
# Camera.p1: 0.003138
# Camera.p2: 0.002421
# Camera.k3: 0.000000

# Camera.k1: -4.3481853856255320e-01
# Camera.k2: 1.2980970321496539e+00
# Camera.p1: 3.8727650489746254e-03
# Camera.p2: -4.0820021333746223e-04
# Camera.k3: -4.4651981153576834e+00

# # For KITTI dataset
# Camera.k1: 0
# Camera.k2: 0
# Camera.p1: 0
# Camera.p2: 0
# Camera.k3: 0

# # ps3 new camera
# Camera.k1: -1.4767522315218481e-01
# Camera.k2: 1.1413021211546952e-01
# Camera.p1: 4.6221763207419195e-03
# Camera.p2: 3.6755315734154806e-03
# Camera.k3: -4.5531038154248867e-02

# # lifeCam new camera
# Camera.k1:  0.01066
# Camera.k2: -0.15285
# Camera.p1:  0.00624
# Camera.p2: -0.00138
# Camera.k3:  0.11753

# TUM fr2 dataset
Camera.k1:  0.231222
Camera.k2: -0.784899
Camera.p1: -0.003257
Camera.p2: -0.000105
Camera.k3:  0.917205

# Camera frames per second 
Camera.fps: 30.0

# Color order of the images (0: BGR, 1: RGB. It is ignored if images are grayscale)
Camera.RGB: 1

#--------------------------------------------------------------------------------------------
### Changing the parameters below could seriously degradate the performance of the system

# ORB Extractor: Number of features per image
ORBextractor.nFeatures: 1000

# ORB Extractor: Scale factor between levels in the scale pyramid 	
ORBextractor.scaleFactor: 1.2

# ORB Extractor: Number of levels in the scale pyramid	
ORBextractor.nLevels: 8

# ORB Extractor: Fast threshold (lower less restrictive)			
ORBextractor.fastTh: 20

# ORB Extractor: Score to sort features. 0 -> Harris Score, 1 -> FAST Score			
ORBextractor.nScoreType: 1


# Constant Velocity Motion Model (0 - disabled, 1 - enabled [recommended])
UseMotionModel: 1
